{
  "241": [{"cam_R_m2c": [-0.08161375796958159, 0.6251627364582473, -0.7762156578259155, -0.9647869903428146, -0.24494993160877188, -0.09584150598833363, -0.25005051044806204, 0.7410607828976609, 0.6231401594150145], "cam_t_m2c": [45.57377738017861, -35.41747874383995, 889.6134434016504], "obj_id": 1}],
  "11": [{"cam_R_m2c": [0.48606756872250234, -0.800774037433537, -0.349998942296384, -0.7595744969341824, -0.5851665414061653, 0.28394841507909524, -0.4321861893251319, 0.12783215476216808, -0.8926780147205835], "cam_t_m2c": [11.264705421035114, -132.05611675068351, 690.5052611065113], "obj_id": 1}],
  "263": [{"cam_R_m2c": [0.3797877502060727, -0.3016540260125754, -0.8745090699265585, -0.9085446920765344, -0.2995361790650208, -0.29124666509795966, -0.1740913762739708, 0.9051424893471371, -0.3878263357296696], "cam_t_m2c": [-96.7773237288359, 90.7525576756885, 703.8897635709299], "obj_id": 1}],
  "473": [{"cam_R_m2c": [-0.2058819635633813, -0.7890594113171199, -0.5787899986101753, -0.8473035391887198, -0.15216734064915183, 0.5088436035935153, -0.4895807691868178, 0.5951725345239354, -0.6372443209560982], "cam_t_m2c": [273.56242776637373, -171.11435023339544, 540.2065659122491], "obj_id": 1}],
  "508": [{"cam_R_m2c": [-0.08158880395005874, 0.3585870063892081, -0.9299239893232268, -0.7057125591698139, -0.6796373472580839, -0.20015708841304294, -0.7037848043969058, 0.6399284608929507, 0.3085101522465483], "cam_t_m2c": [-48.49940634708787, 102.02259627373198, 456.39814012749594], "obj_id": 1}],
  "119": [{"cam_R_m2c": [-0.21659240072341746, 0.4875414416100937, -0.8458079419475899, -0.838986665483639, -0.5359555675116027, -0.09409040755549913, -0.4991884484736305, 0.6892423175966976, 0.5251246714299582], "cam_t_m2c": [333.25267509335526, 22.529971662828853, 667.0055817933332], "obj_id": 1}],
  "178": [{"cam_R_m2c": [0.22840469297697064, 0.03264927796269301, -0.9730186641964325, -0.9198676735439192, -0.32010097087015843, -0.22666899129982349, -0.3188647979865337, 0.9468206763144205, -0.04307954861079788], "cam_t_m2c": [208.61024674432474, 78.94103381633204, 494.6022228370999], "obj_id": 1}],
  "391": [{"cam_R_m2c": [0.16636954293621153, -0.6049025217592547, -0.7787259558743951, -0.8745795790224877, -0.4552853394606614, 0.16681072995775303, -0.45544674237504895, 0.6533055937625857, -0.6047810066614785], "cam_t_m2c": [290.14023514128974, -113.44267470048352, 712.5162035651256], "obj_id": 1}],
  "562": [{"cam_R_m2c": [-0.1457369344111613, 0.6079680417543242, -0.7804713999589283, -0.7228001214398371, -0.6040933004085024, -0.33560582362068725, -0.6755151592636495, 0.5152146587656211, 0.5274780801114212], "cam_t_m2c": [-29.37963543530811, 66.42849180357189, 381.7129774722235], "obj_id": 1}],
  "252": [{"cam_R_m2c": [0.07538447912986679, 0.05549658966565585, -0.9956090140420588, -0.9523696772282442, -0.2918580719439876, -0.08837909106405334, -0.2954812654001753, 0.9548502470946005, 0.030851700453804254], "cam_t_m2c": [17.07439199139901, 16.89582619460502, 698.512364143712], "obj_id": 1}],
  "548": [{"cam_R_m2c": [0.4860871935816111, -0.4145731764303474, -0.769316788859054, -0.5313453285823331, -0.8391123910626783, 0.11645830566691003, -0.6938237398862097, 0.35216399098932166, -0.6281633079230164], "cam_t_m2c": [46.21216228940693, 68.79552528576143, 588.4948112373534], "obj_id": 1}],
  "23": [{"cam_R_m2c": [0.23588732044463467, -0.9226724065833236, -0.3050127901960625, -0.888029756982458, -0.3321355452777067, 0.317945168663964, -0.3946648233211644, 0.19586120006989088, -0.8977071167925852], "cam_t_m2c": [-18.27447344716263, -100.9839140199791, 694.7517893947535], "obj_id": 1}],
  "431": [{"cam_R_m2c": [-0.21149187924305107, 0.8372699215029342, -0.5042323507676922, -0.9292682382078061, -0.3321245355254049, -0.16172147154968097, -0.30287245908534327, 0.43436433031328026, 0.8482899870204132], "cam_t_m2c": [-46.1854977567634, -61.72807830584181, 551.182717135978], "obj_id": 1}],
  "434": [{"cam_R_m2c": [-0.2608936713025964, 0.8790058636531992, -0.39910297410260703, -0.943679783243947, -0.14507776448697596, 0.29735653506879417, 0.20347717063815857, 0.4542038462130797, 0.8673499334837897], "cam_t_m2c": [-80.65627013471263, 185.4470591763407, 509.0121673000365], "obj_id": 1}],
  "370": [{"cam_R_m2c": [0.13879904863939485, 0.658604746734201, -0.7395773196062582, -0.32232153103940253, -0.6761002695422074, -0.662568680329345, -0.9363993030354166, 0.33034559646547923, 0.11844041611988854], "cam_t_m2c": [-62.322939450727205, 137.39870196159694, 433.47375914737006], "obj_id": 1}],
  "234": [{"cam_R_m2c": [-0.1360975808028286, 0.9877303581438521, -0.07659104451980728, -0.957410767851508, -0.15100271970078025, -0.24609510406538598, -0.25464106130316666, 0.03983614243353835, 0.9662147854666743], "cam_t_m2c": [176.84573903747818, -129.4651175619624, 682.9070636810728], "obj_id": 1}],
  "454": [{"cam_R_m2c": [-0.1463054498938552, 0.2517744446638365, -0.9566631300230888, -0.9101734161222508, -0.41310487963194303, 0.030474760189865058, -0.387529441353439, 0.8751879726313053, 0.2895979016598649], "cam_t_m2c": [132.83542131409263, -23.52875262348308, 485.1133401041648], "obj_id": 1}],
  "64": [{"cam_R_m2c": [0.2827876128872595, 0.41017858446075295, -0.8670551855835353, -0.266426713250731, -0.8347911145389753, -0.4818097150880088, -0.9214379916543156, 0.36725648249765236, -0.12678605443625557], "cam_t_m2c": [43.490777954789, -63.99380121445876, 449.75984656389943], "obj_id": 1}],
  "512": [{"cam_R_m2c": [-0.38130587125054205, 0.5730418595550075, -0.7254163354568217, -0.6354292857559838, -0.7324073242594743, -0.24455906070869163, -0.6714428161455785, 0.3676989781993095, 0.6433987924123566], "cam_t_m2c": [154.26054829552862, 51.44944596896469, 431.56563205805804], "obj_id": 1}],
  "158": [{"cam_R_m2c": [-0.26212592400644963, -0.6143249084180087, -0.7442411617620797, -0.9142731192707574, -0.08873785755669927, 0.39525973234718215, -0.308860265075785, 0.784047511017956, -0.5384002573586528], "cam_t_m2c": [171.70127031176526, -57.61080857778593, 512.8304854215688], "obj_id": 1}],
  "486": [{"cam_R_m2c": [0.008766254889390535, 0.045799879774705954, -0.9989121702070892, -0.4726825405093878, -0.8801084498287346, -0.0445009262561224, -0.8811891787084117, 0.4725584488216081, 0.013933548525427386], "cam_t_m2c": [49.298028151395854, -45.357016961440905, 491.800413477751], "obj_id": 1}],
  "126": [{"cam_R_m2c": [-0.5323707308902051, -0.263000505092704, -0.8046192510824055, -0.4305594812630894, -0.7342503238192243, 0.5248761711735668, -0.7288346437882105, 0.6258651582348602, 0.2776560205033646], "cam_t_m2c": [22.56558481171868, -32.31541186313122, 425.62141120545385], "obj_id": 1}],
  "236": [{"cam_R_m2c": [0.06266582272848326, 0.7922746054394945, -0.6069381716760414, -0.8757328542947977, -0.24804366002565853, -0.4142056380950919, -0.4787117740044096, 0.557472234552331, 0.6782770415787209], "cam_t_m2c": [-261.7727198740705, -228.31440149578782, 637.6793831688981], "obj_id": 1}],
  "132": [{"cam_R_m2c": [0.04133034116933265, -0.622163355731323, -0.7817957288729365, -0.8455763309806982, -0.43860510878676684, 0.30434557172952165, -0.5322522629205511, 0.6484892576838015, -0.5442143063947004], "cam_t_m2c": [252.7724262010599, -54.251203267055736, 457.17531783458304], "obj_id": 1}],
  "129": [{"cam_R_m2c": [0.49968318057013894, -0.2175279936794891, -0.838449933520831, -0.37521249964160225, -0.9267859486880419, 0.01683405557514192, -0.7807254954002786, 0.3061852009490048, -0.5447185727986583], "cam_t_m2c": [-199.66471899131975, 166.64013077895248, 692.6611762331557], "obj_id": 1}],
  "91": [{"cam_R_m2c": [-0.08741261437266057, -0.403449392152036, -0.910817008416449, -0.28510408907767903, -0.8659389213864208, 0.41093240663071234, -0.9545023275192804, 0.2955983294950682, -0.0393310864330203], "cam_t_m2c": [218.35832003688253, 4.341567057971134, 514.7412420180804], "obj_id": 1}],
  "407": [{"cam_R_m2c": [-0.14214844748472716, 0.09459886285471286, -0.9853146066228171, -0.9844451548853711, -0.1173475327525782, 0.13075661963969692, -0.10325481054362323, 0.9885750410077516, 0.1098081617919302], "cam_t_m2c": [195.4546285040827, 117.22560242137507, 579.0080616293124], "obj_id": 1}],
  "8": [{"cam_R_m2c": [0.3962257165549946, -0.6838956747478424, -0.6126107145664972, -0.6652101744664805, -0.6737183994475939, 0.3218678953111769, -0.6328511715456926, 0.2799825428610959, -0.7218789166932906], "cam_t_m2c": [244.8031038256906, -148.12312184792626, 670.1123916127578], "obj_id": 1}],
  "469": [{"cam_R_m2c": [0.0694201710817488, -0.8379297813726634, -0.5413451037330448, -0.8781966402749422, -0.3087554911811635, 0.3652953704542148, -0.47323514330276045, 0.45004858421534755, -0.757300977808016], "cam_t_m2c": [195.01595992875338, -89.54148878270713, 597.71245180363], "obj_id": 1}],
  "182": [{"cam_R_m2c": [-0.07377982006477402, 0.30474898358057584, -0.949570742576779, -0.9721614906056377, -0.23431159349316832, 0.00033665726866316525, -0.22239283786721603, 0.9231609470516493, 0.3135526933452621], "cam_t_m2c": [122.66340944681396, 57.647140807918916, 548.7550008059326], "obj_id": 1}],
  "128": [{"cam_R_m2c": [0.1903498116337624, -0.25949429339858154, -0.946799694182757, -0.3276383675258161, -0.9259293568335144, 0.18790403475948167, -0.9254296566114626, 0.27444040855428914, -0.2612707653308064], "cam_t_m2c": [42.278059326547876, 39.52349855350629, 495.67844567687575], "obj_id": 1}],
  "261": [{"cam_R_m2c": [0.0801476017701882, -0.08947814901912987, -0.9927587938560899, -0.9534272700136202, -0.29742204719071635, -0.050165392844661816, -0.290779646338707, 0.9505439425365848, -0.1091485711410961], "cam_t_m2c": [154.54926438321212, 25.060129474912664, 680.4444221802883], "obj_id": 1}],
  "265": [{"cam_R_m2c": [-0.1798739359200835, -0.19869624418750798, -0.9634132912319592, -0.8113437362446696, -0.5238075874081007, 0.2595129149584752, -0.5562074332775117, 0.8283389486915866, -0.06699162072497766], "cam_t_m2c": [116.81721851542996, -214.58561347733698, 635.1908485431883], "obj_id": 1}],
  "84": [{"cam_R_m2c": [-0.03230274886405604, -0.7100903435077498, -0.7033692035288944, -0.31454100254184525, -0.6607567892203623, 0.6815162677582747, -0.9486940972388288, 0.2432533032792019, -0.20200826791980575], "cam_t_m2c": [60.48284977734911, -143.1030751369705, 508.80262592701433], "obj_id": 1}],
  "510": [{"cam_R_m2c": [-0.3914275639274703, 0.5798049070557597, -0.7145703128117402, -0.6387111296501734, -0.7301971654907521, -0.24261119588813446, -0.6624443788415793, 0.36143930232244154, 0.6561471448370872], "cam_t_m2c": [161.7608864822703, 54.10552982804876, 428.5059001943244], "obj_id": 1}],
  "531": [{"cam_R_m2c": [0.08407918118328295, -0.7816232950117932, -0.6180580199192107, -0.5198527157597419, -0.5635639687570799, 0.6419881673644693, -0.8501081373618118, 0.2673213007107291, -0.4537129896504557], "cam_t_m2c": [64.78174501905265, -60.838632905164225, 477.60025605853093], "obj_id": 1}],
  "472": [{"cam_R_m2c": [-0.12549365654844624, -0.8503340166054403, -0.5110610554226953, -0.8569503959768978, -0.16665100179416104, 0.4877124792703589, -0.49988734831073517, 0.4991587961807957, -0.7077804286600473], "cam_t_m2c": [214.80090304452492, -162.97990297556797, 573.5235352493409], "obj_id": 1}],
  "448": [{"cam_R_m2c": [0.3708875137785602, 0.31876660007616353, -0.8722558723213281, -0.9110200789418255, -0.05740068695336009, -0.4083473728360601, -0.1802355899593308, 0.9460935555288206, 0.26911357509209055], "cam_t_m2c": [-126.9520303795177, 34.59975234730923, 436.74028571049007], "obj_id": 1}],
  "402": [{"cam_R_m2c": [0.0705609962034669, -0.14249574490201317, -0.9872771183915863, -0.9100379132159102, -0.41449220507784124, -0.0052161709461915895, -0.4084753876605116, 0.8988276668052275, -0.1589235132416391], "cam_t_m2c": [324.6991581626379, -36.8859313532353, 588.2874504330749], "obj_id": 1}],
  "564": [{"cam_R_m2c": [-0.3811917774316391, 0.5683437322409384, -0.7291626916134345, -0.6352230997200083, -0.7340652384703641, -0.24008298409415002, -0.6717026443305195, 0.3716633257289293, 0.6408447003038262], "cam_t_m2c": [118.14333738782597, 247.30142241152726, 423.88457078358715], "obj_id": 1}],
  "464": [{"cam_R_m2c": [0.12988285578244785, -0.6728879151710407, -0.7282529075743986, -0.8793041921095897, -0.4175839730422686, 0.2290147663290199, -0.4582080111830187, 0.6106107426790033, -0.6459101635774891], "cam_t_m2c": [129.39452319095426, -66.03005533624793, 533.942836406449], "obj_id": 1}],
  "395": [{"cam_R_m2c": [0.4558280238669885, -0.3963285283133089, -0.796959541195488, -0.8879433292953605, -0.26431481689177666, -0.37642306190154917, -0.0614610170546091, 0.8792390887673689, -0.47239937358779366], "cam_t_m2c": [45.98937836325186, 179.89824628909923, 671.8018330949146], "obj_id": 1}],
  "427": [{"cam_R_m2c": [0.07773637867743088, 0.303048198109698, -0.9497993709476673, -0.9814447009943443, -0.14423242367806038, -0.12634598074365017, -0.17528078708244493, 0.9419972386278093, 0.28621294187604596], "cam_t_m2c": [-186.76956692718926, 41.26540250185185, 526.6151972620994], "obj_id": 1}],
  "330": [{"cam_R_m2c": [-0.6306604300918033, 0.7312258928188154, -0.2599540643801285, -0.7634581687350811, -0.6446957606091034, 0.03871693226905025, -0.13928045989333293, 0.22288129110352872, 0.964844486727227], "cam_t_m2c": [-47.14650988448831, 78.18638289313303, 459.8871649344359], "obj_id": 1}],
  "180": [{"cam_R_m2c": [-0.038827256024309253, 0.08801596950793955, -0.9953620614134338, -0.9737979355859719, -0.2267063326106422, 0.017939325593010036, -0.22407593542842114, 0.9699780553527024, 0.09451215422403503], "cam_t_m2c": [268.6997577094226, 72.45573244283658, 465.0158123271626], "obj_id": 1}],
  "482": [{"cam_R_m2c": [0.10376089435399993, -0.1818310906075686, -0.9778400335900141, -0.5725789552524039, -0.8148106304129892, 0.09075779067414955, -0.8132570422719521, 0.550473515307003, -0.18865813563328537], "cam_t_m2c": [81.82537504675278, 32.61690293155147, 501.25203468490497], "obj_id": 1}],
  "584": [{"cam_R_m2c": [0.5032279840983993, -0.1974545405960158, -0.8412926366124203, -0.29857014559189693, -0.9533188993107646, 0.04515467172005175, -0.8109361652938503, 0.22846177057645453, -0.5386907788365946], "cam_t_m2c": [103.34980122183157, 64.92115554267916, 501.32442003871023], "obj_id": 1}],
  "542": [{"cam_R_m2c": [-0.11184391495898272, -0.1389230999771473, -0.9839671290136613, -0.7022635646586468, -0.6895180068931809, 0.17717450133409685, -0.7030766846081431, 0.7108201533881793, -0.02044223807773282], "cam_t_m2c": [64.07130443953791, 109.64740085321459, 390.12949139930237], "obj_id": 1}],
  "300": [{"cam_R_m2c": [-0.4898222535401547, -0.28585540631001904, -0.8236266427333313, -0.7129312997814848, -0.41242330308061204, 0.5671295979473832, -0.5017998821529627, 0.8649819106544436, -0.0017811546427463076], "cam_t_m2c": [74.2350028714818, -97.07657719814442, 368.7652240626188], "obj_id": 1}],
  "195": [{"cam_R_m2c": [-0.023694898842246348, 0.4234192907239899, -0.905623904284582, -0.948589496926169, -0.2955167817096218, -0.11334812768345881, -0.3156208454621048, 0.8563795513502067, 0.40865333222550076], "cam_t_m2c": [8.92952572013719, -0.6841978368879771, 533.684604284768], "obj_id": 1}],
  "514": [{"cam_R_m2c": [-0.36040409193910805, 0.48351075584850545, -0.7977005951435375, -0.6123829086979757, -0.7677199590529988, -0.18866170148249106, -0.7036306301236138, 0.4205037615176216, 0.5727831377592898], "cam_t_m2c": [138.08269940233313, 53.57765908547389, 439.1960811510142], "obj_id": 1}],
  "176": [{"cam_R_m2c": [-0.05720267039165838, 0.07036321305331994, -0.9958799489641692, -0.8737307715502816, -0.48615193486550107, 0.01583777360235078, -0.4830345674444149, 0.8710369191230316, 0.08928769332021236], "cam_t_m2c": [267.10481109965434, -71.86201302147141, 433.9009899119847], "obj_id": 1}],
  "449": [{"cam_R_m2c": [0.358083689784659, 0.3529203176689004, -0.8644208005865468, -0.9161727292946782, -0.04568037008154627, -0.39817186475936917, -0.18001000307467502, 0.9345376146339405, 0.30697857519273253], "cam_t_m2c": [-108.69056852570621, 42.91714812715732, 440.0533760104906], "obj_id": 1}],
  "103": [{"cam_R_m2c": [0.19315963359478872, -0.1040393830903881, -0.9756357735936597, -0.4132323197662322, -0.9104974295520643, 0.015280074597407906, -0.8899035935707563, 0.4002127403584941, -0.2188637855027623], "cam_t_m2c": [-3.027862407682018, -16.303430692221923, 638.4320442916392], "obj_id": 1}],
  "360": [{"cam_R_m2c": [0.3744446336702866, -0.3844404415516569, -0.8437990064079787, -0.43159717277987875, -0.8776756415725996, 0.2083491028023431, -0.8206796553856691, 0.28616606208579815, -0.4945643417659289], "cam_t_m2c": [215.43896800410786, 97.63358769013581, 563.1961807479748], "obj_id": 1}],
  "299": [{"cam_R_m2c": [0.17685885323676265, -0.014977568015190512, -0.984122257896918, -0.9181622805356446, -0.3626878742804125, -0.15948521076118666, -0.3545405091570805, 0.9317903081199688, -0.07789639953381777], "cam_t_m2c": [125.02834109827738, 73.4670460878971, 397.3892593491119], "obj_id": 1}],
  "441": [{"cam_R_m2c": [0.021736481898757154, 0.8925597804337675, -0.4504048886354254, -0.9443575300612734, -0.1295632987315151, -0.3023279792516389, -0.32820173791623386, 0.4319147948077642, 0.8400792993848443], "cam_t_m2c": [-131.67375742019314, -66.92615410995006, 394.04864663439446], "obj_id": 1}],
  "133": [{"cam_R_m2c": [0.10050734499693681, -0.675645624869709, -0.7303432502570877, -0.9916729647558021, -0.12743431347819123, -0.01858027773687887, -0.08051710733815648, 0.7261291106564743, -0.6828275844480314], "cam_t_m2c": [211.13167582181177, -7.6914087599920355, 577.2534928630313], "obj_id": 1}],
  "306": [{"cam_R_m2c": [0.06256679555691136, 0.019273432116590994, -0.9978546642212918, -0.8831747580935112, -0.4646088834026625, -0.0643500748235693, -0.4648523881408027, 0.8853062296616794, -0.012047280274577243], "cam_t_m2c": [-95.29447948029022, 0.95401252491996, 345.0573152045842], "obj_id": 1}],
  "34": [{"cam_R_m2c": [0.4613733290140083, -0.7358350416135659, -0.49566263002983657, -0.7311354825481675, -0.6318121616280046, 0.25739910368532126, -0.5025689578889558, 0.24363945483543983, -0.8294963885478337], "cam_t_m2c": [-57.03382241718543, -156.2224659708201, 705.0250527485027], "obj_id": 1}],
  "524": [{"cam_R_m2c": [-0.03968177131504569, -0.25167720834464424, -0.9669973835668572, -0.5589221100373591, -0.7966074811224935, 0.23026635866114384, -0.8282701442987591, 0.549613595009733, -0.10905716044254266], "cam_t_m2c": [211.2910778248808, -15.112056861091757, 465.5723531372525], "obj_id": 1}],
  "559": [{"cam_R_m2c": [-0.0679751705548659, 0.6393655658693694, -0.7658923223068487, -0.8021413634766895, -0.49150047814301695, -0.3391113577940779, -0.5932525677886226, 0.5913027593083993, 0.546271395596071], "cam_t_m2c": [82.94569688403185, 27.363883421446943, 501.57913373438157], "obj_id": 1}],
  "313": [{"cam_R_m2c": [-0.21658023761458806, 0.49168325606212915, -0.8434100879067973, -0.876577949476951, -0.47825339784655274, -0.05371020330450377, -0.429772147964003, 0.727682116831498, 0.5345789349366825], "cam_t_m2c": [104.5948132796389, 0.5406075711068905, 316.46713789482004], "obj_id": 1}],
  "422": [{"cam_R_m2c": [0.041924021008020174, 0.5059356650730633, -0.8615517855994471, -0.9795259278784474, -0.14912884381228608, -0.135238842634345, -0.19690437546277473, 0.8495820682843345, 0.4893250209966036], "cam_t_m2c": [-53.810692644638735, 32.888993545261854, 542.1252113736932], "obj_id": 1}],
  "48": [{"cam_R_m2c": [0.4292700254860652, -0.37929299943385664, -0.8196731457109365, 0.11852938361066154, -0.8760374177024771, 0.4674497063920914, -0.895364747150607, -0.29781750009971586, -0.33109923919315465], "cam_t_m2c": [80.93258359374101, 0.02347452914202972, 477.7585257421497], "obj_id": 1}],
  "546": [{"cam_R_m2c": [0.5029686399649114, -0.4010047730695444, -0.7656485611475351, -0.4151458633906241, -0.8890633197143433, 0.19292569981255633, -0.7580741779809551, 0.2208202561223823, -0.6136464414991296], "cam_t_m2c": [28.79593898277305, 7.356173410110062, 510.1895166211033], "obj_id": 1}],
  "165": [{"cam_R_m2c": [0.010194328536814568, -0.42102660846119977, -0.9069909980993983, -0.8655000231037722, -0.45798814598968995, 0.20287081638396398, -0.5008051374267769, 0.7829325980571927, -0.369067420976657], "cam_t_m2c": [146.85579825099367, -64.53528821811068, 442.58149966473667], "obj_id": 1}],
  "361": [{"cam_R_m2c": [0.02731469346269766, -0.37060684041802816, -0.9283881070739785, -0.49478827590391206, -0.811997791542786, 0.30958706135378555, -0.8685841752812867, 0.4508992751879344, -0.2055513903770111], "cam_t_m2c": [352.69923867733866, 30.271695270220096, 482.5770848844974], "obj_id": 1}],
  "24": [{"cam_R_m2c": [0.24225771108597505, -0.9334625548378563, -0.2644973726428405, -0.9006870048866731, -0.31771966214530634, 0.2963395611701992, -0.3606578997438679, 0.16643880257275956, -0.9177276308091024], "cam_t_m2c": [-55.50501776256442, -89.08692121114878, 696.1670820691742], "obj_id": 1}],
  "87": [{"cam_R_m2c": [0.6234950517166383, -0.5296472002954438, -0.5750893528001231, 1.7735579108502098e-05, -0.7355612479632906, 0.6774582276274573, -0.7818272956160559, -0.42240205221315474, -0.45860940473980644], "cam_t_m2c": [-155.6817725913464, 40.53966567165458, 630.6614142796128], "obj_id": 1}],
  "354": [{"cam_R_m2c": [-0.0038102691818171497, -0.8800814147497689, -0.474807524435752, -0.5255790079787255, -0.40217936877702465, 0.74967890573379, -0.8507362624344051, 0.25240534610455284, -0.4610199052502831], "cam_t_m2c": [157.27414253036056, -55.45815522552241, 477.39217758614996], "obj_id": 1}],
  "245": [{"cam_R_m2c": [0.09407426803932267, 0.5218390732377941, -0.8478407950406643, -0.9905397211241932, -0.036398810775407464, -0.13231094984672137, -0.09990542011358156, 0.8522670404377117, 0.5134781385954736], "cam_t_m2c": [227.87380078222506, 175.25056561380563, 721.3102760580579], "obj_id": 1}],
  "465": [{"cam_R_m2c": [0.10399669045325943, -0.6520635518058775, -0.7509978780136954, -0.8881205778851688, -0.400774535530679, 0.22499246833412603, -0.44769021377698603, 0.6435781973283997, -0.6207902837608239], "cam_t_m2c": [153.22692423049108, -42.131761507769205, 520.2244972011907], "obj_id": 1}],
  "92": [{"cam_R_m2c": [0.5394367860174175, -0.3486792973452033, -0.7664402791438183, -0.6837702498955145, -0.712591932045531, -0.15706999631197194, -0.4913921033645375, 0.6087983951904543, -0.6228148318437055], "cam_t_m2c": [73.09766012994257, 41.037572789800535, 361.83179404597325], "obj_id": 1}],
  "86": [{"cam_R_m2c": [0.6165275212574047, -0.5321566110676398, -0.5802612832416144, -0.005193899497474508, -0.7397286021406919, 0.6728852937782102, -0.787316225502949, -0.4118384834762079, -0.4588270094358077], "cam_t_m2c": [-151.75089307737, 35.652427198063336, 633.5762921872702], "obj_id": 1}],
  "125": [{"cam_R_m2c": [-0.23813524988227297, -0.07436974230819748, -0.9683804749128928, -0.9347872720008066, -0.2530205004846337, 0.24930580105524125, -0.26356092060242436, 0.9645982416340587, -0.009266788423436978], "cam_t_m2c": [35.30096436667365, 69.5049991123096, 490.490143660889], "obj_id": 1}],
  "466": [{"cam_R_m2c": [0.1347605106124692, -0.7891466005508411, -0.5992388902754212, -0.925711535130534, -0.31595976589246155, 0.20791243364323223, -0.3534087697068896, 0.5267039673063346, -0.7731010104236252], "cam_t_m2c": [40.89497009839648, -16.950961978294117, 540.9711546849102], "obj_id": 1}],
  "554": [{"cam_R_m2c": [-0.23644704408709405, 0.10650655437449369, -0.965789391750473, -0.6032544317192756, -0.7952897151215098, 0.059986328717478665, -0.7616934330513354, 0.5968003207918211, 0.25229445326691113], "cam_t_m2c": [116.30150369829789, 38.38272472852869, 465.0824079264935], "obj_id": 1}],
  "505": [{"cam_R_m2c": [-0.12546786372088942, 0.767900847721614, -0.6281608896148683, -0.7333487268588026, -0.4982201630770233, -0.4625757385748603, -0.6681747226496146, 0.40262259893345625, 0.6256497285543882], "cam_t_m2c": [-5.78069220412696, 17.540475139255822, 533.8793598108961], "obj_id": 1}],
  "188": [{"cam_R_m2c": [0.032030680545387824, 0.011699691127788292, -0.9994184072405881, -0.9820962516881508, -0.18535086831476194, -0.03364532709081991, -0.1856367095266555, 0.9826027543430145, 0.005553308350709774], "cam_t_m2c": [-69.6377016224634, 85.1944742963568, 563.8421420582832], "obj_id": 1}],
  "30": [{"cam_R_m2c": [0.40790124180734977, -0.6594864467189282, -0.6314223653989969, -0.85475035589573, -0.5189397367149139, -0.010167534331336048, -0.32096480496799806, 0.5438558414251871, -0.7753724380706066], "cam_t_m2c": [66.64575806538802, 84.53052268612777, 736.7341987656711], "obj_id": 1}],
  "345": [{"cam_R_m2c": [-0.008815134987481876, -0.21904006631035608, -0.975676043954092, -0.5812147067696247, -0.7928493967703167, 0.1832465516064187, -0.8137024997072649, 0.5686926088773263, -0.12032023345409892], "cam_t_m2c": [118.31944352411776, 93.7822840691859, 528.2201380320205], "obj_id": 1}],
  "433": [{"cam_R_m2c": [-0.260702187313372, 0.8262626358948284, -0.49932396903629006, -0.9558859719316357, -0.29342636328146693, 0.013526935932604428, -0.13533801459433217, 0.48082327923629387, 0.8663097575060097], "cam_t_m2c": [-37.101626914015675, 36.21505332789291, 561.4761463855193], "obj_id": 1}],
  "94": [{"cam_R_m2c": [0.4961911587718434, -0.3446104656308679, -0.7968926909781086, -0.6987747254493946, -0.7032477254265872, -0.13098289871374227, -0.5152748946240034, 0.621841027642924, -0.5897503872912796], "cam_t_m2c": [88.4097314169289, 34.88984428814243, 356.02959900049484], "obj_id": 1}],
  "415": [{"cam_R_m2c": [-0.3758890496255606, 0.5963200514621818, -0.7093023463909687, -0.9051082274005826, -0.4004008303057024, 0.14303241514523746, -0.1987121512725587, 0.6957597080275956, 0.6902404723152558], "cam_t_m2c": [218.49839086190053, -20.800766183358824, 507.77876747646275], "obj_id": 1}],
  "338": [{"cam_R_m2c": [-0.01831729634485818, 0.917088450030118, -0.39826279198033404, -0.8021664726651747, -0.2512505295673889, -0.5416660608936268, -0.5968194256109015, 0.3095512012793081, 0.7402598374895205], "cam_t_m2c": [-222.53095256986643, 133.62253390620273, 451.81443677430343], "obj_id": 1}],
  "196": [{"cam_R_m2c": [-0.28402522289276005, 0.8358739939947413, -0.4697279413916071, -0.9347825450014509, -0.35040190173106345, -0.05831038349954901, -0.21333369710696967, 0.4225318608419172, 0.880883397648144], "cam_t_m2c": [125.33668380858973, 7.332905624707195, 453.89045523128914], "obj_id": 1}],
  "492": [{"cam_R_m2c": [-0.09586083517595845, 0.00279429500613132, -0.9953908238449789, -0.5386551529300996, -0.8410701484748693, 0.04951395324867797, -0.8370551514095224, 0.5409188453547167, 0.08213084827822748], "cam_t_m2c": [79.29121363743899, 28.407679929341246, 441.3149612775184], "obj_id": 1}],
  "326": [{"cam_R_m2c": [-0.06239151882315594, 0.9092442922387983, -0.41156058534571344, -0.9971588856389827, -0.03935028112135563, 0.06423170686578569, 0.04220728811664781, 0.41439880840421917, 0.9091161490277254], "cam_t_m2c": [-147.56332425466184, 147.9226698203014, 440.99118917767083], "obj_id": 1}],
  "467": [{"cam_R_m2c": [-0.021657130369491906, -0.3439807627293943, -0.9387269057485585, -0.9029024239260566, -0.3964547785224099, 0.166104850787684, -0.4292996407785718, 0.8511761530134941, -0.30199499162823573], "cam_t_m2c": [314.14335701854344, -35.345513294846036, 450.3546180134365], "obj_id": 1}],
  "69": [{"cam_R_m2c": [0.564667064342419, -0.5031261970319418, -0.6542286575098112, -0.17489669960189275, -0.8476416140773104, 0.5009140031510172, -0.8065743926726657, -0.1684272066638511, -0.5666304131796429], "cam_t_m2c": [-61.19997443893681, -18.12908939263194, 431.44328334666596], "obj_id": 1}],
  "348": [{"cam_R_m2c": [0.47653787704515704, -0.3237539324872769, -0.8173708111624239, -0.6322549196891756, -0.7722155348376638, -0.06274459565743556, -0.6108726285160674, 0.5466868929784257, -0.5726849681766286], "cam_t_m2c": [-140.23862107816635, 96.24505247546189, 529.4640401676751], "obj_id": 1}],
  "85": [{"cam_R_m2c": [0.6695737191959336, -0.5805645099037336, -0.46326653710619226, -0.006604072390467897, -0.6283505334789724, 0.7779023031875868, -0.742716245136719, -0.5178034925692644, -0.42456109371100514], "cam_t_m2c": [-196.24155395193262, -11.126758695713784, 603.7019033879253], "obj_id": 1}],
  "74": [{"cam_R_m2c": [0.008671242674724633, -0.1638017009198209, -0.9864551750212726, 0.5008388051676713, -0.853126906977147, 0.14606495756965676, -0.8654971408321898, -0.49532159590248015, 0.07464057773037924], "cam_t_m2c": [99.25186058289323, 77.91971264754578, 398.1056162157009], "obj_id": 1}],
  "205": [{"cam_R_m2c": [-0.31915671028914033, 0.7791459824168764, -0.5395095294441559, -0.9461392985176166, -0.22928134829900465, 0.22858366328935908, 0.054400570566918494, 0.5834051777331354, 0.8103573141004915], "cam_t_m2c": [-75.49580146553572, 178.193558919015, 521.4783195219844], "obj_id": 1}],
  "305": [{"cam_R_m2c": [0.06134875481139024, 0.002857444087384753, -0.9981123009443273, -0.8839157671238752, -0.46432208143099224, -0.055658973449051075, -0.46360462348093884, 0.8856618088801609, -0.02595984164470999], "cam_t_m2c": [-100.54994415874874, 2.6216350587952997, 354.2541659252822], "obj_id": 1}],
  "371": [{"cam_R_m2c": [0.00028825022568912395, 0.7229696557375451, -0.6908797245501872, -0.40956353918422117, -0.6301915260378329, -0.6596334951175555, -0.912281548800973, 0.28314928464123446, 0.29592035807705896], "cam_t_m2c": [-58.03245393656552, 188.65459315593478, 450.4216864365231], "obj_id": 1}],
  "266": [{"cam_R_m2c": [-0.11770383904850479, 0.18182888759732097, -0.9762602429210998, -0.9300185259865522, -0.36484799710849775, 0.044175562562559056, -0.34815420088668275, 0.913139745406495, 0.2120482439538629], "cam_t_m2c": [365.4725514797428, -42.5856286243875, 601.4845914235892], "obj_id": 1}],
  "43": [{"cam_R_m2c": [0.1771395378746029, -0.43054839038631065, -0.8850139364198331, -0.34824048241017125, -0.8684805528762336, 0.35280319682015737, -0.9205162413191319, 0.2457022849131619, -0.30377662295862795], "cam_t_m2c": [-179.1771550606306, 33.78748031300642, 462.91733928672926], "obj_id": 1}],
  "419": [{"cam_R_m2c": [0.3897057320602439, 0.1826965345642334, -0.9026358172915638, -0.8963318041016478, -0.1498140570421881, -0.4173068957834811, -0.21146805752944026, 0.9716880798748022, 0.10537331765653735], "cam_t_m2c": [-142.26451221429835, -40.827008327035536, 535.4045314206141], "obj_id": 1}],
  "260": [{"cam_R_m2c": [0.06289847279327943, 0.0767922855977588, -0.9950611674630587, -0.949861347223101, -0.3013713008845713, -0.08329922001229462, -0.30627961599131703, 0.9504095348194974, 0.05398622928486485], "cam_t_m2c": [34.4804556093534, 6.881451239669, 695.254573845817], "obj_id": 1}],
  "151": [{"cam_R_m2c": [0.40600887754036863, -0.6688311698660417, -0.6227532878869703, -0.8602820154625671, -0.509639151922902, -0.013519937091876433, -0.30833690215423937, 0.5412326681224322, -0.7823014468393881], "cam_t_m2c": [158.6823271600058, 79.26506734153348, 623.3576046975107], "obj_id": 1}],
  "82": [{"cam_R_m2c": [-0.028792837788857883, -0.734502131258723, -0.6779952740753123, -0.3102383143514306, -0.6382145464379909, 0.7045809967798822, -0.9502226901102959, 0.23062699731675612, -0.20949469517916086], "cam_t_m2c": [22.54393889363394, -142.45679372526467, 508.48251323777646], "obj_id": 1}],
  "409": [{"cam_R_m2c": [0.021906610237409807, 0.029013713765580207, -0.9993389339165342, -0.9603676682366209, -0.2772130873382926, -0.029100618792867794, -0.27787414819241785, 0.9603702976570554, 0.021791033578905883], "cam_t_m2c": [129.57850972551674, 34.53602333250527, 588.627469972337], "obj_id": 1}],
  "57": [{"cam_R_m2c": [0.19122292482730452, -0.439805538269728, -0.8774992202433948, -0.07762983641905807, -0.8979725837207163, 0.4331499132904119, -0.9784719727810508, -0.01470807238274019, -0.20585497586588164], "cam_t_m2c": [28.41720443077218, 147.09619230113364, 386.371672504043], "obj_id": 1}],
  "589": [{"cam_R_m2c": [-0.08600221464818791, -0.5403478854495922, -0.8370351138188658, -0.7450369723192216, -0.5229064918449893, 0.41411195426330505, -0.6614556137436697, 0.6592366521034162, -0.35760803622187387], "cam_t_m2c": [263.98332447701483, 5.648067518062999, 499.23288728384085], "obj_id": 1}],
  "346": [{"cam_R_m2c": [-0.031105138444779135, -0.09771157527275817, -0.9947285651975856, -0.5640245230456629, -0.8199011673047943, 0.09817542083102082, -0.8251719867793886, 0.5641050646022882, -0.029608585319206404], "cam_t_m2c": [187.2958489742059, 11.723922951417185, 511.878244609038], "obj_id": 1}],
  "591": [{"cam_R_m2c": [0.23706037434944505, -0.5879351448680004, -0.77339165003402, -0.6594088581998592, -0.6819930270863759, 0.31633126423595836, -0.7134299801948741, 0.43499169697202866, -0.5493631648777848], "cam_t_m2c": [152.31206038205391, -64.14094145837605, 550.4909130346296], "obj_id": 1}],
  "519": [{"cam_R_m2c": [-0.002072251801545466, -0.2726000125900019, -0.9621252199731601, -0.7163458482480639, -0.6709136939512705, 0.1916336112648893, -0.697742310219348, 0.6896115199187088, -0.1938855851402458], "cam_t_m2c": [115.53964083964495, 112.17060942523668, 436.83414441160835], "obj_id": 1}],
  "460": [{"cam_R_m2c": [0.10052638506664535, -0.029394768093561285, -0.9945000721539231, -0.9773415014977043, -0.1900582313991957, -0.09317434264658175, -0.18627408664558087, 0.9813326736057123, -0.0478345937394592], "cam_t_m2c": [-70.59155098870183, 109.45190647604606, 512.2914551114959], "obj_id": 1}],
  "343": [{"cam_R_m2c": [-0.4244966877055246, 0.297511858318459, -0.8551545218771492, -0.5029642312545024, -0.8628299534127576, -0.05051191515183559, -0.7528808300160166, 0.40866999602813514, 0.5159062803850699], "cam_t_m2c": [114.57754917083125, -15.772785464249342, 473.79146855392514], "obj_id": 1}],
  "599": [{"cam_R_m2c": [0.056944600700309045, 0.018535515884562037, -0.9982052630105571, -0.3081320570252956, -0.9506910094447443, -0.03523123605968384, -0.94963779826018, 0.3095852696945163, -0.04842533328466969], "cam_t_m2c": [46.603938300732736, 150.07293673965984, 388.7847917691178], "obj_id": 1}],
  "498": [{"cam_R_m2c": [-0.05023861261469964, 0.47691822713353726, -0.8775107329431097, -0.6796532075820649, -0.6601225516883568, -0.31985892855423503, -0.7318111773032442, 0.5803337155294843, 0.3573026439781587], "cam_t_m2c": [2.847326510408597, 48.53070538181814, 496.91516029726967], "obj_id": 1}],
  "255": [{"cam_R_m2c": [-0.2437142467575673, -0.12084311519041468, -0.9622890976408636, -0.9533419433159366, -0.15242181845711855, 0.26058919465860136, -0.17816426421138676, 0.9808998576660621, -0.07805744159728645], "cam_t_m2c": [-41.71167924479066, 99.50370080568388, 691.878461422084], "obj_id": 1}],
  "181": [{"cam_R_m2c": [-0.07449956094547966, 0.3084050931332517, -0.9483333348292681, -0.9729274482743083, -0.23110724295784418, 0.001273831569230055, -0.21877384627366558, 0.9227544314615315, 0.3172731684286146], "cam_t_m2c": [122.8127344718754, 57.798895856190306, 547.5599698618037], "obj_id": 1}],
  "308": [{"cam_R_m2c": [0.05898693914779285, 0.13632746029352572, -0.9889061454859568, -0.8988827289833162, -0.423629492058338, -0.11201737808885259, -0.43420085276917775, 0.8955182170276114, 0.09755379247475382], "cam_t_m2c": [-103.98631788510195, -7.2036935000565165, 378.39013786469064], "obj_id": 1}],
  "381": [{"cam_R_m2c": [0.5865229139378083, -0.2816182045512887, -0.7593958508519852, -0.47126573473660605, -0.8812067177193411, -0.03719311642592382, -0.6587104665094284, 0.3796918586322519, -0.6495649419413868], "cam_t_m2c": [279.8954741845798, 34.635219690555715, 567.465961686745], "obj_id": 1}],
  "362": [{"cam_R_m2c": [0.33272368584200074, -0.5237005964155419, -0.7842401635938564, -0.4580264284385738, -0.8166878875383078, 0.35104513271090987, -0.8243219878976401, 0.24240169071650866, -0.5116001178716252], "cam_t_m2c": [26.26314833422475, 53.718491440208055, 634.5838070842632], "obj_id": 1}],
  "423": [{"cam_R_m2c": [0.04098291867307663, 0.5250374630217872, -0.850091796690617, -0.9801324033966005, -0.14412429931055742, -0.13626686376461583, -0.19406409299259741, 0.8387871295936092, 0.5086995960673393], "cam_t_m2c": [-55.766961241503914, 32.129996491916984, 555.7901137392062], "obj_id": 1}],
  "267": [{"cam_R_m2c": [-0.11599724591836602, 0.18214783693816217, -0.9764050411781489, -0.9287528027896401, -0.36835586594188957, 0.04161955473798956, -0.35208361258334925, 0.9116666723780953, 0.21189858004552253], "cam_t_m2c": [367.4659336373912, -42.82178425501937, 606.4170283155025], "obj_id": 1}],
  "517": [{"cam_R_m2c": [-0.21766938550088066, -0.25385633327768364, -0.9424314302221027, -0.4873620340474152, -0.8083210299029382, 0.3302958679514764, -0.845634842224961, 0.5312005973937366, 0.0522268029243802], "cam_t_m2c": [208.17341835962236, -48.811761338492005, 408.77605478339734], "obj_id": 1}],
  "333": [{"cam_R_m2c": [-0.09743659835220037, 0.7330189925441966, -0.6731933346900008, -0.6681757268170039, -0.5494842352019507, -0.5016056951003408, -0.7375956259320691, 0.40093669305018553, 0.5433253728401249], "cam_t_m2c": [-113.72028325242502, 86.95810894245214, 417.5299485031955], "obj_id": 1}],
  "307": [{"cam_R_m2c": [0.06634476298561309, 0.06708911331476802, -0.9955387603197682, -0.8909468782416818, -0.44522489619319816, -0.08937814028697122, -0.44923494140124987, 0.8929019222089254, 0.03023449585856297], "cam_t_m2c": [-100.40501120975775, -7.57191547326324, 366.14217848463284], "obj_id": 1}],
  "210": [{"cam_R_m2c": [-0.42171243079613596, 0.7558798262933865, -0.5008036680323877, -0.8397327298220439, -0.5339398418491204, -0.09877847818100066, -0.3420636902356524, 0.3788851191176768, 0.859906098555855], "cam_t_m2c": [-63.167684309494895, -41.644804827749155, 523.0559044309341], "obj_id": 1}],
  "595": [{"cam_R_m2c": [0.05465232839331047, -0.028488652878243897, -0.9980989528390325, -0.20699980971140328, -0.9782003779331032, 0.016586120431761095, -0.9768132891093533, 0.20569982321022295, -0.059358074013990736], "cam_t_m2c": [21.949535651796154, 185.72705732739504, 436.4878070191526], "obj_id": 1}],
  "138": [{"cam_R_m2c": [0.05309895174384882, 0.7395454688069087, -0.6710089424820461, -0.5259238809510034, -0.5505006429481677, -0.648346445628484, -0.8488725303419465, 0.3873261438127092, 0.3597136160197961], "cam_t_m2c": [-87.92333272316026, -103.75030990609257, 448.1134358609166], "obj_id": 1}],
  "418": [{"cam_R_m2c": [0.3910210377674031, 0.1426804319052412, -0.9092551030236988, -0.8881403742698957, -0.2006962433461901, -0.413434025569324, -0.24147302875276316, 0.9692075692327524, 0.04824379884406488], "cam_t_m2c": [-165.88338758087983, -65.14086620584699, 531.4850069776062], "obj_id": 1}],
  "223": [{"cam_R_m2c": [-0.6604290850785592, 0.6939768343410447, -0.2867569998801763, -0.7128148354797087, -0.6994857074140788, -0.05113467945984955, -0.23606870589371448, 0.17063381412078882, 0.9566376887705503], "cam_t_m2c": [-45.24945834786377, 13.891566220786737, 556.2994736332555], "obj_id": 1}],
  "58": [{"cam_R_m2c": [-0.11563906217193032, 0.4326664869295243, -0.8941069949329667, -0.13061942763253737, -0.8989527733110773, -0.41811777824109714, -0.9846655129661772, 0.06843699616718046, 0.1604687045210642], "cam_t_m2c": [9.85317277154244, 150.85640203062425, 497.33820322578146], "obj_id": 1}],
  "289": [{"cam_R_m2c": [0.05983388605658613, -0.631645234049338, -0.7729451496594855, -0.9450123263377587, -0.2852499339015827, 0.15995054947964427, -0.3215145551123073, 0.720872231058944, -0.6139801440918391], "cam_t_m2c": [452.3878782361182, -146.33066261148403, 653.4898959061055], "obj_id": 1}],
  "442": [{"cam_R_m2c": [-0.0033373231141358706, 0.7153864980127149, -0.6987209891906323, -0.8937137334504104, -0.31560112130153845, -0.3188599925913259, -0.4486252611217525, 0.6233924050662757, 0.6404040009159249], "cam_t_m2c": [-67.7623616806823, -41.22123363194232, 355.27532138891917], "obj_id": 1}],
